200
238.459973151949
276.074706569699
312.862776194669
348.842349722446
384.031195574853
418.446691674842
452.105834028536
485.025245118664
517.221182113532
548.709544895586
579.505883913528
609.625407861865
639.082991191686
667.893181456373
696.070206495869
723.627981463068
750.580115695772
776.939919437631
802.720410411375
827.934320247579
852.594100772152
876.711930155634
900.29971892736
923.369115857444
945.931513709493
967.998054866893
989.579636835454
1010.68691762511
1031.33032101334
1051.52004169296
1071.26605030671
1090.57809837123
1109.46572309285
1127.9382520775
1146.00480793713
1163.67431279486
1180.9554926912
1197.85688189335
1214.38682710981
1230.55349161242
1246.36485926776
1261.82873847995
1276.95276604681
1291.74441093129
1306.21097794998
1320.35961138058
1334.19729849012
1347.73087298553
1360.96701838851
