0.463910416736737
0.689788949893917
1.01068896175211
1.45927785992636
2.0762404385021
2.91096161451387
4.0217446521349
5.47534751339871
7.34561335811179
9.71099259695657
12.6508108406373
16.2402339883935
20.5440178431778
25.6092975468388
31.4578567014916
38.0784949530019
45.4202584004097
53.3873799445972
61.8367699596728
70.5787830284275
79.381758677925
87.9805045374316
96.088488350017
103.413075770059
109.672749323877
114.614928335514
118.032831304695
119.779816575593
119.779816575593
118.032831304695
114.614928335514
109.672749323877
103.413075770059
96.088488350017
87.9805045374316
79.381758677925
70.5787830284275
61.8367699596728
53.3873799445972
45.4202584004097
38.0784949530019
31.4578567014916
25.6092975468388
20.5440178431778
16.2402339883935
12.6508108406373
9.71099259695657
7.34561335811179
5.47534751339871
4.0217446521349
2.91096161451387
2.0762404385021
1.45927785992636
1.01068896175211
0.689788949893917
